# Created by Octave 3.8.1, Sun Aug 02 00:33:01 2015 COT <gustavo@gustavo-pc>
# name: lms1_df_gt
# type: matrix
# rows: 1
# columns: 273
 351 352 353 357 358 359 360 361 362 363 364 365 366 367 374 976 977 978 979 980 981 982 983 984 985 986 1970 2025 2026 2027 2060 2061 2062 2063 2064 2065 2066 2067 2068 2069 2070 2071 2072 2073 2074 2075 2076 2077 2078 2079 2080 2081 2082 2083 2084 2085 2086 2087 2088 2089 2090 2091 2092 2093 2094 2095 2096 2097 2145 2146 2147 2148 2149 2150 2151 2152 2153 2154 2155 2156 2157 2158 2159 2162 2296 2297 2298 2299 2300 2301 2302 2303 2304 2344 2345 2346 8823 8875 11075 11097 13268 13320 16992 16993 16994 16995 17000 17001 17002 17003 17004 17005 17006 17007 17008 17009 17724 19189 19190 19191 19192 19193 19194 19195 19196 19197 19198 19199 19202 19392 19393 19394 19395 19396 19397 19398 19399 19400 19401 19402 19403 19404 19405 19406 19407 19408 19409 19410 19411 19412 19413 19414 19415 19416 19417 19418 19419 19420 19421 19422 19423 19424 19425 19426 19427 19428 19429 19430 19431 19432 19433 19434 19435 19436 19437 19438 19439 19440 19441 19442 19443 19538 19539 19540 19541 19542 19543 19544 19545 19546 19547 19548 19549 19550 19551 19552 19553 19554 19555 19556 19557 19558 19559 19560 19561 19562 19563 19564 19565 19566 19567 19568 19569 19570 19571 19572 19573 19574 19575 19576 19577 19581 19755 19756 19757 19758 19759 19760 19761 19762 19763 19764 19765 19766 19767 19768 19769 19770 19771 19772 19773 19774 19775 19776 19777 19778 19779 19780 19781 19782 19783 19784 19785 19786 19787 19788 19789 21976 21977 21978 21988 21989 21990 21991 21992 21993 21994 21995 21996 21997 21998 22005 22219


