# Created by Octave 3.8.1, Sun Aug 02 22:29:50 2015 COT <gustavo@gustavo-pc>
# name: lms2_df_gt
# type: matrix
# rows: 1
# columns: 73
 97 283 290 668 860 1053 2016 2093 2208 2601 2804 3179 3757 4335 4389 4436 4905 5027 5098 5676 6010 6446 7417 8187 8572 9540 9913 9965 10491 10684 11069 11654 11948 12232 12810 13251 13573 13765 13766 13773 13958 14429 14503 14729 14730 15306 15691 15884 15892 16077 16084 16277 16470 16662 16986 17432 17818 18003 18010 18196 18581 19736 20129 20315 20322 20584 20602 20900 21285 21670 21765 21863 22048


